0.3333333333333333 0.3333333333333333 0.07909132844393049 0.021689724501252533
0.3333333333333333 0.6666666666666666 0.15503897885833773 0.03644502180072004
0.3333333333333333 1.0 0.2256521365587504 0.04645670661024984
0.3333333333333333 1.3333333333333333 0.2894149320507021 0.053240648699691584
0.3333333333333333 1.6666666666666665 0.34528973382897143 0.05783447898932903
0.3333333333333333 2.0 0.39257621405663173 0.060938525214629
0.3333333333333333 2.333333333333333 0.43081018011792427 0.06301698053847399
0.3333333333333333 2.6666666666666665 0.45969143899835097 0.06437003736189995
0.3333333333333333 3.0 0.47903329009608986 0.06518439707174417
0.3333333333333333 3.333333333333333 0.48872852839506925 0.06556726403122387
0.3333333333333333 3.6666666666666665 0.48872852840220493 0.06556726402408797
0.3333333333333333 4.0 0.47903329008963974 0.06518439707819429
0.3333333333333333 4.333333333333333 0.4596914390035002 0.06437003735675062
0.3333333333333333 4.666666666666666 0.430810180114532 0.06301698054186639
0.3333333333333333 5.0 0.39257621405805687 0.060938525213203865
0.3333333333333333 5.333333333333333 0.34528973382939393 0.05783447898890626
0.3333333333333333 5.666666666666666 0.28941493204889046 0.053240648701503246
0.3333333333333333 6.0 0.22565213656121838 0.046456706607782144
0.3333333333333333 6.333333333333333 0.15503897885605583 0.03644502180300188
0.6666666666666666 0.3333333333333333 0.1550389788584811 0.03644502180057668
0.6666666666666666 0.6666666666666666 0.3039384079537768 0.059881193719469206
0.6666666666666666 1.0 0.4424020483949144 0.07460475419613571
0.6666666666666666 1.3333333333333333 0.5674504336107822 0.08359516993547311
0.6666666666666666 1.6666666666666665 0.6770412358590556 0.08889476864327506
0.6666666666666666 2.0 0.7697947740413134 0.09188323073854665
0.6666666666666666 2.333333333333333 0.8447960001358469 0.09347560486071671
0.6666666666666666 2.6666666666666665 0.9014528990256523 0.09426390609474722
0.6666666666666666 3.0 0.9393971655824043 0.09461643964006217
0.6666666666666666 3.333333333333333 0.9584172757372567 0.09474472967120784
0.6666666666666666 3.6666666666666665 0.958417275726762 0.09474472968170244
0.6666666666666666 4.0 0.9393971655917016 0.0946164396307646
0.6666666666666666 4.333333333333333 0.9014528990185964 0.09426390610180313
0.6666666666666666 4.666666666666666 0.8447960001399185 0.09347560485664486
0.6666666666666666 5.0 0.7697947740405007 0.091883230739359
0.6666666666666666 5.333333333333333 0.6770412358568954 0.08889476864543522
0.6666666666666666 5.666666666666666 0.5674504336150531 0.08359516993120197
0.6666666666666666 6.0 0.44240204838982133 0.07460475420122836
0.6666666666666666 6.333333333333333 0.30393840795824467 0.05988119371500128
1.0 0.3333333333333333 0.22565213655819324 0.046456706610807225
1.0 0.6666666666666666 0.44240204839559705 0.0746047541954532
1.0 1.0 0.6439963484291176 0.09069752922463614
1.0 1.3333333333333333 0.8260872644433258 0.09908280364329292
1.0 1.6666666666666665 0.9856893844406162 0.10274598998556927
1.0 2.0 1.1207834963867775 0.10370629966555445
1.0 2.333333333333333 1.2300292435178486 0.10330408957690462
1.0 2.6666666666666665 1.3125589126510149 0.10240707374482927
1.0 3.0 1.3678324487529712 0.10155530624449915
1.0 3.333333333333333 1.395539598128417 0.10105904134128152
1.0 3.6666666666666665 1.3955395981362986 0.10105904133339982
1.0 4.0 1.3678324487465483 0.1015553062509218
1.0 4.333333333333333 1.3125589126547645 0.10240707374107871
1.0 4.666666666666666 1.2300292435175089 0.10330408957724524
1.0 5.0 1.1207834963835877 0.10370629966874412
1.0 5.333333333333333 0.9856893844467555 0.10274598997942974
1.0 5.666666666666666 0.8260872644354215 0.09908280365119693
1.0 6.0 0.6439963484371911 0.09069752921656238
1.0 6.333333333333333 0.4424020483890257 0.07460475420202412
1.3333333333333333 0.3333333333333333 0.2894149320520339 0.05324064869835965
1.3333333333333333 0.6666666666666666 0.5674504336087015 0.08359516993755378
1.3333333333333333 1.0 0.8260872644450712 0.09908280364154753
1.3333333333333333 1.3333333333333333 1.0597367373008661 0.10529223713290214
1.3333333333333333 1.6666666666666665 1.2645546901413174 0.10606763273889408
1.3333333333333333 2.0 1.437937745743647 0.10401236735754504
1.3333333333333333 2.333333333333333 1.5781561347580173 0.10085621075541495
1.3333333333333333 2.6666666666666665 1.6840892669939793 0.09771975304590219
1.3333333333333333 3.0 1.7550393500543526 0.09530078602303371
1.3333333333333333 3.333333333333333 1.7906053781695823 0.09400031626594063
1.3333333333333333 3.6666666666666665 1.7906053781700417 0.09400031626548055
1.3333333333333333 4.0 1.7550393500523336 0.09530078602505321
1.3333333333333333 4.333333333333333 1.6840892669987129 0.0977197530411682
1.3333333333333333 4.666666666666666 1.578156134750085 0.10085621076334816
1.3333333333333333 5.0 1.4379377457544484 0.10401236734674302
1.3333333333333333 5.333333333333333 1.264554690128669 0.10606763275154307
1.3333333333333333 5.666666666666666 1.0597367373138462 0.10529223711992208
1.3333333333333333 6.0 0.8260872644334355 0.09908280365318267
1.3333333333333333 6.333333333333333 0.567450433617443 0.08359516992881211
1.6666666666666665 0.3333333333333333 0.34528973382647987 0.057834478991820315
1.6666666666666665 0.6666666666666666 0.6770412358632948 0.08889476863903534
1.6666666666666665 1.0 0.9856893844360028 0.10274598999018258
1.6666666666666665 1.3333333333333333 1.2645546901445368 0.10606763273567577
1.6666666666666665 1.6666666666666665 1.5090354727522513 0.10346137777507747
1.6666666666666665 2.0 1.7160115697393348 0.09804738689175996
1.6666666666666665 2.333333333333333 1.8834079242498822 0.0919007177303901
1.6666666666666665 2.6666666666666665 2.0098793251865064 0.08636658067671066
1.6666666666666665 3.0 2.0945876838846043 0.08228306437582233
1.6666666666666665 3.333333333333333 2.137051203018073 0.08013196652085419
1.6666666666666665 3.6666666666666665 2.13705120300595 0.08013196653297783
1.6666666666666665 4.0 2.094587683898406 0.08228306436202049
1.6666666666666665 4.333333333333333 2.009879325169963 0.08636658069325431
1.6666666666666665 4.666666666666666 1.8834079242692068 0.09190071771106556
1.6666666666666665 5.0 1.7160115697181983 0.09804738691289638
1.6666666666666665 5.333333333333333 1.5090354727734945 0.10346137775383446
1.6666666666666665 5.666666666666666 1.264554690125102 0.10606763275511022
1.6666666666666665 6.0 0.9856893844519229 0.10274598997426143
1.6666666666666665 6.333333333333333 0.6770412358521062 0.08889476865022439
2.0 0.3333333333333333 0.3925762140606027 0.06093852521065807
2.0 0.6666666666666666 0.7697947740342883 0.0918832307455717
2.0 1.0 1.120783496395176 0.10370629965715583
2.0 1.3333333333333333 1.4379377457360139 0.10401236736517872
2.0 1.6666666666666665 1.7160115697440197 0.09804738688707548
2.0 2.0 1.9514442199360962 0.08937210645523952
2.0 2.333333333333333 2.1418656786555483 0.08035654374477241
2.0 2.6666666666666665 2.285738548332904 0.07253809574122227
2.0 3.0 2.3821045588645053 0.06687503310880238
2.0 3.333333333333333 2.4304126464031186 0.06391841936534615
2.0 3.6666666666666665 2.4304126464268365 0.06391841934162823
2.0 4.0 2.3821045588387637 0.06687503313454357
2.0 4.333333333333333 2.2857385483617474 0.0725380957123769
2.0 4.666666666666666 2.1418656786239776 0.08035654377634316
2.0 5.0 1.9514442199686084 0.08937210642272686
2.0 5.333333333333333 1.7160115697131109 0.09804738691798365
2.0 5.666666666666666 1.4379377457628024 0.10401236733838948
2.0 6.0 1.120783496374317 0.10370629967801426
2.0 6.333333333333333 0.7697947740483091 0.09188323073155047
2.333333333333333 0.3333333333333333 0.43081018011232225 0.06301698054407595
2.333333333333333 0.6666666666666666 0.8447960001459535 0.09347560485061002
2.333333333333333 1.0 1.2300292435052291 0.1033040895895252
2.333333333333333 1.3333333333333333 1.5781561347706323 0.10085621074280016
2.333333333333333 1.6666666666666665 1.8834079242397999 0.09190071774047204
2.333333333333333 2.0 2.141865678661093 0.08035654373922752
2.333333333333333 2.333333333333333 2.3509192011339337 0.06883388558734005
2.333333333333333 2.6666666666666665 2.5088743998572345 0.05902683479005111
2.333333333333333 3.0 2.614674918870596 0.051991747746687356
2.333333333333333 3.333333333333333 2.6677131238804086 0.048336258530533804
2.333333333333333 3.6666666666666665 2.6677131238480247 0.04833625856291679
2.333333333333333 4.0 2.6146749189056386 0.051991747711644276
2.333333333333333 4.333333333333333 2.5088743998181813 0.05902683482910254
2.333333333333333 4.666666666666666 2.3509192011762865 0.06883388554498637
2.333333333333333 5.0 2.1418656786180024 0.08035654378231794
2.333333333333333 5.333333333333333 1.8834079242800885 0.0919007177001836
2.333333333333333 5.666666666666666 1.5781561347364044 0.10085621077702855
2.333333333333333 6.0 1.2300292435312705 0.10330408956348403
2.333333333333333 6.333333333333333 0.8447960001288363 0.09347560486772744
2.6666666666666665 0.3333333333333333 0.4596914390054826 0.06437003735476832
2.6666666666666665 0.6666666666666666 0.9014528990126559 0.09426390610774371
2.6666666666666665 1.0 1.3125589126675854 0.10240707372825852
2.6666666666666665 1.3333333333333333 1.684089266976692 0.09771975306318947
2.6666666666666665 1.6666666666666665 2.009879325201658 0.08636658066155833
2.6666666666666665 2.0 2.2857385483221164 0.07253809575200965
2.6666666666666665 2.333333333333333 2.5088743998625196 0.059026834784766447
2.6666666666666665 2.6666666666666665 2.6774737108591085 0.047645966601053136
2.6666666666666665 3.0 2.790405529488017 0.03952644322995846
2.6666666666666665 3.333333333333333 2.847019174913976 0.035318945406661584
2.6666666666666665 3.6666666666666665 2.847019174950808 0.035318945369831045
2.6666666666666665 4.0 2.7904055294476735 0.03952644327030086
2.6666666666666665 4.333333333333333 2.677473710904755 0.04764596655540565
2.6666666666666665 4.666666666666666 2.5088743998124077 0.05902683483487614
2.6666666666666665 5.0 2.2857385483734216 0.07253809570070402
2.6666666666666665 5.333333333333333 2.0098793251536096 0.08636658070960657
2.6666666666666665 5.666666666666666 1.684089267017382 0.09771975302249913
2.6666666666666665 6.0 1.3125589126368158 0.10240707375902769
2.6666666666666665 6.333333333333333 0.901452899032717 0.09426390608768298
3.0 0.3333333333333333 0.4790332900878108 0.065184397080023
3.0 0.6666666666666666 0.9393971655975542 0.09461643962491273
3.0 1.0 1.367832448733481 0.10155530626398845
3.0 1.3333333333333333 1.7550393500750476 0.09530078600233916
3.0 1.6666666666666665 2.094587683865792 0.0822830643946344
3.0 2.0 2.3821045588790395 0.06687503309426779
3.0 2.333333333333333 2.6146749188615526 0.0519917477557299
3.0 2.6666666666666665 2.79040552949177 0.03952644322620502
3.0 3.0 2.9081152552515137 0.030660254996166536
3.0 3.333333333333333 2.9671244447453664 0.026072834219309282
3.0 3.6666666666666665 2.96712444470785 0.02607283425682505
3.0 4.0 2.9081152552933447 0.03066025495433644
3.0 4.333333333333333 2.790405529443328 0.03952644327464405
3.0 4.666666666666666 2.614674918915743 0.0519917477015408
3.0 5.0 2.382104558822814 0.06687503315049437
3.0 5.333333333333333 2.0945876839188586 0.08228306434156751
3.0 5.666666666666666 1.7550393500299146 0.09530078604747216
3.0 6.0 1.367832448767647 0.101555306229822
3.0 6.333333333333333 0.9393971655752836 0.0946164396471828
3.333333333333333 0.3333333333333333 0.4887285284038779 0.06556726402241464
3.333333333333333 0.6666666666666666 0.9584172757211402 0.09474472968732361
3.333333333333333 1.0 1.3955395981491592 0.10105904132053944
3.333333333333333 1.3333333333333333 1.7906053781475115 0.09400031628801164
3.333333333333333 1.6666666666666665 2.1370512030382613 0.0801319665006659
3.333333333333333 2.0 2.430412646387267 0.06391841938119924
3.333333333333333 2.333333333333333 2.667713123890713 0.0483362585202296
3.333333333333333 2.6666666666666665 2.8470191749089935 0.03531894541164471
3.333333333333333 3.0 2.967124444746594 0.02607283421808182
3.333333333333333 3.333333333333333 3.027334720162331 0.021292138185400766
3.333333333333333 3.6666666666666665 3.027334720198186 0.021292138149545004
3.333333333333333 4.0 2.967124444705928 0.026072834258745736
3.333333333333333 4.333333333333333 2.847019174957079 0.035318945363558285
3.333333333333333 4.666666666666666 2.6677131238359775 0.0483362585749636
3.333333333333333 5.0 2.430412646444721 0.06391841932374431
3.333333333333333 5.333333333333333 2.137051202983593 0.08013196655533417
3.333333333333333 5.666666666666666 1.7906053781942304 0.09400031624129168
3.333333333333333 6.0 1.395539598113674 0.10105904135602373
3.333333333333333 6.333333333333333 0.9584172757443046 0.09474472966415926
3.6666666666666665 0.3333333333333333 0.4887285283936084 0.06556726403268437
3.6666666666666665 0.6666666666666666 0.9584172757424252 0.09474472966603953
3.6666666666666665 1.0 1.395539598116294 0.10105904135340515
3.6666666666666665 1.3333333333333333 1.7906053781910714 0.09400031624445138
3.6666666666666665 1.6666666666666665 2.13705120298709 0.08013196655183785
3.6666666666666665 2.0 2.430412646441139 0.06391841932732678
3.6666666666666665 2.333333333333333 2.6677131238394107 0.04833625857153079
3.6666666666666665 2.6666666666666665 2.8470191749540517 0.035318945366586973
3.6666666666666665 3.0 2.9671244447083662 0.02607283425630813
3.6666666666666665 3.333333333333333 3.027334720196459 0.021292138151272955
3.6666666666666665 3.6666666666666665 3.027334720163321 0.021292138184409115
3.6666666666666665 4.0 2.9671244447462954 0.026072834218378915
3.6666666666666665 4.333333333333333 2.847019174908683 0.03531894541195557
3.6666666666666665 4.666666666666666 2.6677131238915037 0.048336258519438235
3.6666666666666665 5.0 2.4304126463860944 0.06391841938236942
3.6666666666666665 5.333333333333333 2.1370512030396736 0.08013196649925147
3.6666666666666665 5.666666666666666 1.7906053781459894 0.09400031628953287
3.6666666666666665 6.0 1.3955395981505985 0.10105904131909949
3.6666666666666665 6.333333333333333 0.9584172757199926 0.09474472968847081
4.0 0.3333333333333333 0.47903329009730955 0.06518439707052426
4.0 0.6666666666666666 0.9393971655778599 0.09461643964460675
4.0 1.0 1.3678324487639137 0.10155530623355591
4.0 1.3333333333333333 1.7550393500346482 0.0953007860427395
4.0 1.6666666666666665 2.094587683913382 0.08228306434704535
4.0 2.0 2.382104558828722 0.06687503314458709
4.0 2.333333333333333 2.6146749189097984 0.05199174770748494
4.0 2.6666666666666665 2.790405529448966 0.039526443269008116
4.0 3.0 2.9081152552883 0.03066025495938085
4.0 3.333333333333333 2.9671244447121636 0.026072834252511612
4.0 3.6666666666666665 2.9671244447418 0.026072834222873986
4.0 4.0 2.908115255254388 0.03066025499329328
4.0 4.333333333333333 2.7904055294895036 0.039526443228469876
4.0 4.666666666666666 2.6146749188632383 0.05199174775404458
4.0 5.0 2.3821045588779137 0.06687503309539444
4.0 5.333333333333333 2.0945876838663464 0.08228306439407973
4.0 5.666666666666666 1.7550393500749994 0.09530078600238734
4.0 6.0 1.3678324487331637 0.10155530626430576
4.0 6.333333333333333 0.9393971655979881 0.09461643962447808
4.333333333333333 0.3333333333333333 0.4596914389973074 0.06437003736294361
4.333333333333333 0.6666666666666666 0.901452899029577 0.09426390609082336
4.333333333333333 1.0 1.3125589126414772 0.10240707375436742
4.333333333333333 1.3333333333333333 1.6840892670113463 0.0977197530285352
4.333333333333333 1.6666666666666665 2.0098793251607616 0.0863665807024554
4.333333333333333 2.0 2.285738548365572 0.07253809570855418
4.333333333333333 2.333333333333333 2.5088743998204857 0.059026834826799934
4.333333333333333 2.6666666666666665 2.6774737108969267 0.047645966563233166
4.333333333333333 3.0 2.79040552945492 0.039526443263054656
4.333333333333333 3.333333333333333 2.8470191749443146 0.035318945376324073
4.333333333333333 3.6666666666666665 2.8470191749197156 0.03531894540092173
4.333333333333333 4.0 2.790405529482948 0.03952644323502552
4.333333333333333 4.333333333333333 2.677473710863562 0.04764596659659759
4.333333333333333 4.666666666666666 2.5088743998586835 0.05902683478860071
4.333333333333333 5.0 2.2857385483252264 0.0725380957488988
4.333333333333333 5.333333333333333 2.009879325199367 0.08636658066384983
4.333333333333333 5.666666666666666 1.6840892669781264 0.09771975306175396
4.333333333333333 6.0 1.3125589126668822 0.10240707372896152
4.333333333333333 6.333333333333333 0.9014528990128705 0.09426390610752888
4.666666666666666 0.3333333333333333 0.4308101801189615 0.06301698053743704
4.666666666666666 0.6666666666666666 0.8447960001323368 0.09347560486422724
4.666666666666666 1.0 1.2300292435260105 0.10330408956874426
4.666666666666666 1.3333333333333333 1.5781561347433224 0.10085621077011031
4.666666666666666 1.6666666666666665 1.8834079242718056 0.09190071770846697
4.666666666666666 2.0 2.141865678627207 0.08035654377311374
4.666666666666666 2.333333333333333 2.3509192011667333 0.06883388555453962
4.666666666666666 2.6666666666666665 2.5088743998275636 0.05902683481972293
4.666666666666666 3.0 2.6146749188968275 0.051991747720455894
4.666666666666666 3.333333333333333 2.6677131238560956 0.048336258554846356
4.666666666666666 3.6666666666666665 2.667713123873067 0.04833625853787504
4.666666666666666 4.0 2.6146749188773044 0.0519917477399785
4.666666666666666 4.333333333333333 2.508874399851093 0.05902683479619153
4.666666666666666 4.666666666666666 2.350919201139441 0.06883388558183157
4.666666666666666 5.0 2.1418656786563828 0.08035654374393708
4.666666666666666 5.333333333333333 1.8834079242435 0.09190071773677189
4.666666666666666 5.666666666666666 1.578156134768029 0.10085621074540319
4.666666666666666 6.0 1.230029243506804 0.10330408958794957
4.666666666666666 6.333333333333333 0.8447960001451608 0.09347560485140272
5.0 0.3333333333333333 0.3925762140553907 0.06093852521587023
5.0 0.6666666666666666 0.7697947740447163 0.09188323073514415
5.0 1.0 1.1207834963797798 0.10370629967255152
5.0 1.3333333333333333 1.4379377457555578 0.10401236734563524
5.0 1.6666666666666665 1.7160115697218692 0.09804738690922532
5.0 2.0 1.9514442199588198 0.08937210643251725
5.0 2.333333333333333 2.141865678634222 0.0803565437660998
5.0 2.6666666666666665 2.285738548351621 0.07253809572250436
5.0 3.0 2.382104558848378 0.06687503312492904
5.0 3.333333333333333 2.4304126464179125 0.06391841935055131
5.0 3.6666666666666665 2.4304126464113796 0.06391841935708387
5.0 4.0 2.3821045588567857 0.0668750331165211
5.0 4.333333333333333 2.2857385483401322 0.0725380957339925
5.0 4.666666666666666 2.1418656786488945 0.0803565437514262
5.0 5.0 1.9514442199419277 0.08937210644940796
5.0 5.333333333333333 1.716011569739269 0.09804738689182524
5.0 5.666666666666666 1.4379377457395108 0.10401236736168151
5.0 6.0 1.120783496392892 0.10370629965943934
5.0 6.333333333333333 0.769794774035564 0.09188323074429561
5.333333333333333 0.3333333333333333 0.3452897338305565 0.057834478987743965
5.333333333333333 0.6666666666666666 0.6770412358555218 0.0888947686468089
5.333333333333333 1.0 0.9856893844466916 0.10274598997949402
5.333333333333333 1.3333333333333333 1.2645546901321048 0.10606763274810782
5.333333333333333 1.6666666666666665 1.5090354727649808 0.1034613777623481
5.333333333333333 2.0 1.7160115697277798 0.09804738690331494
5.333333333333333 2.333333333333333 1.8834079242591337 0.09190071772113817
5.333333333333333 2.6666666666666665 2.009879325179996 0.08636658068322056
5.333333333333333 3.0 2.0945876838888076 0.0822830643716177
5.333333333333333 3.333333333333333 2.137051203014963 0.0801319665239637
5.333333333333333 3.6666666666666665 2.1370512030096047 0.0801319665293212
5.333333333333333 4.0 2.0945876838926467 0.08228306436777899
5.333333333333333 4.333333333333333 2.0098793251788294 0.08636658068438674
5.333333333333333 4.666666666666666 1.8834079242570685 0.09190071772320363
5.333333333333333 5.0 1.7160115697329001 0.09804738689819392
5.333333333333333 5.333333333333333 1.5090354727576072 0.10346137776972175
5.333333333333333 5.666666666666666 1.2645546901404634 0.10606763273974829
5.333333333333333 6.0 0.9856893844387711 0.10274598998741347
5.333333333333333 6.333333333333333 0.6770412358616598 0.08889476864067025
5.666666666666666 0.3333333333333333 0.2894149320488049 0.053240648701588955
5.666666666666666 0.6666666666666666 0.5674504336144518 0.0835951699318036
5.666666666666666 1.0 0.8260872644380554 0.09908280364856359
5.666666666666666 1.3333333333333333 1.059736737307624 0.10529223712614488
5.666666666666666 1.6666666666666665 1.2645546901362887 0.10606763274392383
5.666666666666666 2.0 1.437937745745836 0.10401236735535635
5.666666666666666 2.333333333333333 1.5781561347591957 0.10085621075423701
5.666666666666666 2.6666666666666665 1.6840892669895906 0.09771975305029001
5.666666666666666 3.0 1.7550393500611352 0.09530078601625114
5.666666666666666 3.333333333333333 1.790605378161694 0.0940003162738281
5.666666666666666 3.6666666666666665 1.7906053781775262 0.09400031625799543
5.666666666666666 4.0 1.7550393500466894 0.09530078603069714
5.666666666666666 4.333333333333333 1.6840892670013996 0.09771975303848124
5.666666666666666 4.666666666666666 1.578156134750956 0.10085621076247642
5.666666666666666 5.0 1.437937745750058 0.10401236735113417
5.666666666666666 5.333333333333333 1.264554690135879 0.10606763274433306
5.666666666666666 5.666666666666666 1.0597367373050888 0.10529223712867952
5.666666666666666 6.0 0.8260872644421134 0.09908280364450484
5.666666666666666 6.333333333333333 0.5674504336105042 0.08359516993575067
6.0 0.3333333333333333 0.2256521365607227 0.046456706608277776
6.0 0.6666666666666666 0.44240204839140645 0.0746047541996438
6.0 1.0 0.6439963484334927 0.09069752922026064
6.0 1.3333333333333333 0.8260872644404386 0.09908280364618016
6.0 1.6666666666666665 0.9856893844405833 0.1027459899856017
6.0 2.0 1.120783496390604 0.10370629966172773
6.0 2.333333333333333 1.2300292435100542 0.10330408958470061
6.0 2.6666666666666665 1.3125589126622759 0.10240707373356805
6.0 3.0 1.36783244873925 0.10155530625821974
6.0 3.333333333333333 1.3955395981432868 0.10105904132641141
6.0 3.6666666666666665 1.3955395981216874 0.1010590413480108
6.0 4.0 1.3678324487595406 0.10155530623792886
6.0 4.333333333333333 1.3125589126445674 0.10240707375127678
6.0 4.666666666666666 1.2300292435240516 0.10330408957070225
6.0 5.0 1.1207834963810703 0.10370629967126099
6.0 5.333333333333333 0.9856893844455168 0.10274598998066864
6.0 5.666666666666666 0.8260872644394539 0.09908280364716449
6.0 6.0 0.64399634843188 0.09069752922187346
6.0 6.333333333333333 0.44240204839387376 0.07460475419717638
6.333333333333333 0.3333333333333333 0.15503897885667636 0.03644502180238149
6.333333333333333 0.6666666666666666 0.3039384079566015 0.05988119371664452
6.333333333333333 1.0 0.44240204839239017 0.07460475419865986
6.333333333333333 1.3333333333333333 0.567450433611553 0.0835951699347024
6.333333333333333 1.6666666666666665 0.6770412358612246 0.08889476864110546
6.333333333333333 2.0 0.769794774035563 0.09188323074429716
6.333333333333333 2.333333333333333 0.8447960001451894 0.0934756048513744
6.333333333333333 2.6666666666666665 0.901452899013262 0.09426390610713775
6.333333333333333 3.0 0.9393971655969182 0.09461643962554778
6.333333333333333 3.333333333333333 0.958417275721728 0.09474472968673497
6.333333333333333 3.6666666666666665 0.9584172757421471 0.0947447296663172
6.333333333333333 4.0 0.9393971655775801 0.09461643964488564
6.333333333333333 4.333333333333333 0.9014528990304272 0.09426390608997293
6.333333333333333 4.666666666666666 0.844796000131208 0.09347560486535555
6.333333333333333 5.0 0.7697947740456136 0.0918832307342462
6.333333333333333 5.333333333333333 0.6770412358553244 0.08889476864700596
6.333333333333333 5.666666666666666 0.5674504336137605 0.0835951699324945
6.333333333333333 6.0 0.4424020483927591 0.07460475419829093
6.333333333333333 6.333333333333333 0.30393840795513893 0.05988119371810735
